v <- c(1,3,7) #functia de concatenare
v1 <- c(2,v)
v2 <- c(v,2)
v3 <- c(3,c(1,2),8,9:120)